50.244140625	0.005732827
55.029296875	0.013842765
59.814453125	0.024552676
64.599609375	0.037575549
69.384765625	0.052315038
74.169921875	0.073411399
78.955078125	0.091384614
83.740234375	0.109933482
88.525390625	0.128397222
93.310546875	0.146098974
98.095703125	0.163186470
102.880859375	0.180093509
107.666015625	0.196822129
112.451171875	0.213171388
117.236328125	0.229163010
122.021484375	0.244687898
126.806640625	0.259976084
131.591796875	0.274685836
136.376953125	0.288771457
141.162109375	0.302324739
145.947265625	0.315376081
150.732421875	0.327912465
155.517578125	0.339995245
160.302734375	0.351459922
165.087890625	0.362510193
169.873046875	0.373116631
174.658203125	0.383380214
179.443359375	0.393303640
184.228515625	0.403526583
189.013671875	0.412866519
193.798828125	0.421800927
198.583984375	0.430486204
203.369140625	0.438908924
208.154296875	0.447411010
212.939453125	0.455224519
217.724609375	0.462966075
222.509765625	0.470526799
227.294921875	0.477846166
232.080078125	0.484932067
236.865234375	0.496276580
241.650390625	0.504525835
246.435546875	0.510442893
251.220703125	0.516196715
256.005859375	0.521773728
260.791015625	0.527169348
265.576171875	0.532335619
270.361328125	0.537896573
275.146484375	0.542973630
279.931640625	0.547801586
284.716796875	0.552364359
289.501953125	0.556841938
294.287109375	0.563536275
299.072265625	0.568057324
303.857421875	0.571983435
308.642578125	0.575806826
313.427734375	0.579569293
318.212890625	0.583206387
322.998046875	0.586808621
327.783203125	0.590769903
332.568359375	0.594210011
337.353515625	0.599102004
342.138671875	0.602360420
346.923828125	0.605461746
351.708984375	0.613646850
356.494140625	0.616438030
361.279296875	0.619125002
366.064453125	0.621781083
370.849609375	0.624391138
375.634765625	0.626908478
380.419921875	0.629431785
385.205078125	0.631929793
389.990234375	0.634419760
394.775390625	0.636817047
399.560546875	0.639211065
404.345703125	0.641601932
409.130859375	0.644158328
413.916015625	0.646387795
418.701171875	0.648551467
423.486328125	0.650700790
428.271484375	0.652820920
433.056640625	0.654917122
437.841796875	0.657095062
442.626953125	0.659068460
447.412109375	0.661085658
452.197265625	0.663134691
456.982421875	0.665133095
461.767578125	0.667823448
466.552734375	0.669735820
471.337890625	0.671639601
476.123046875	0.673536812
480.908203125	0.675474828
485.693359375	0.677329245
490.478515625	0.679095380
495.263671875	0.680888075
500.048828125	0.682667134
504.833984375	0.684421973
509.619140625	0.688656613
514.404296875	0.690670112
519.189453125	0.692335922
523.974609375	0.693972901
528.759765625	0.695646708
533.544921875	0.697294935
538.330078125	0.698934873
543.115234375	0.700539196
547.900390625	0.702172639
552.685546875	0.703818936
557.470703125	0.705420348
562.255859375	0.707083317
567.041015625	0.708625466
571.826171875	0.710257399
576.611328125	0.711818538
581.396484375	0.718533842
586.181640625	0.720647851
590.966796875	0.722023267
595.751953125	0.723386012
600.537109375	0.724730642
605.322265625	0.726249459
610.107421875	0.736061618
614.892578125	0.737295179
619.677734375	0.738523782
624.462890625	0.739728343
629.248046875	0.740915379
634.033203125	0.742079340
638.818359375	0.743245692
643.603515625	0.744411363
648.388671875	0.745578312
653.173828125	0.746683063
657.958984375	0.747867658
662.744140625	0.749622753
667.529296875	0.750892142
672.314453125	0.751983117
677.099609375	0.753113031
681.884765625	0.754206368
686.669921875	0.755258785
691.455078125	0.756312980
696.240234375	0.757355637
701.025390625	0.758531018
705.810546875	0.759638345
710.595703125	0.760673518
715.380859375	0.761742284
720.166015625	0.762834620
724.951171875	0.764790343
729.736328125	0.766352630
734.521484375	0.767287938
739.306640625	0.768205239
744.091796875	0.769192900
748.876953125	0.770099802
753.662109375	0.771233613
758.447265625	0.772142355
763.232421875	0.773179356
768.017578125	0.775217384
772.802734375	0.776363117
777.587890625	0.777167388
782.373046875	0.778196301
787.158203125	0.779408032
791.943359375	0.780463303
796.728515625	0.781979139
801.513671875	0.782752293
806.298828125	0.783758639
811.083984375	0.784511777
815.869140625	0.785283545
820.654296875	0.786016323
825.439453125	0.786776867
830.224609375	0.787639261
835.009765625	0.788692292
839.794921875	0.789745106
844.580078125	0.790409731
849.365234375	0.791056088
854.150390625	0.791693674
858.935546875	0.793301493
863.720703125	0.794063248
868.505859375	0.794727802
873.291015625	0.795353451
878.076171875	0.795987848
882.861328125	0.796591197
887.646484375	0.797210854
892.431640625	0.797872620
897.216796875	0.798497104
902.001953125	0.799186230
906.787109375	0.799867455
911.572265625	0.806786675
916.357421875	0.807318227
921.142578125	0.807812740
925.927734375	0.808317494
930.712890625	0.808934047
935.498046875	0.810024874
940.283203125	0.810520125
945.068359375	0.811027047
949.853515625	0.811500147
954.638671875	0.812049554
959.423828125	0.812615711
964.208984375	0.814503379
968.994140625	0.819085189
973.779296875	0.819587372
978.564453125	0.820108559
983.349609375	0.820645974
988.134765625	0.821186826
992.919921875	0.821718904
997.705078125	0.822275484
1002.490234375	0.822967888
1007.275390625	0.823389693
1012.060546875	0.823879439
1016.845703125	0.824459773
1021.630859375	0.824972493
1026.416015625	0.825532670
1031.201171875	0.826172874
1035.986328125	0.826739392
1040.771484375	0.827288088
1045.556640625	0.827825455
1050.341796875	0.828511903
1055.126953125	0.829050244
1059.912109375	0.829635367
1064.697265625	0.830284873
1069.482421875	0.830925620
1074.267578125	0.831509090
1079.052734375	0.832230774
1083.837890625	0.832879118
1088.623046875	0.833467090
1093.408203125	0.834096575
1098.193359375	0.834765854
1102.978515625	0.835348988
1107.763671875	0.835978070
1112.548828125	0.836605810
1117.333984375	0.838526830
1122.119140625	0.842042973
1126.904296875	0.842749260
1131.689453125	0.843391836
1136.474609375	0.844044005
1141.259765625	0.844625950
1146.044921875	0.845258053
1150.830078125	0.845904744
1155.615234375	0.847048315
1160.400390625	0.847653514
1165.185546875	0.848358332
1169.970703125	0.849060603
1174.755859375	0.849696574
1179.541015625	0.850273021
1184.326171875	0.850925680
1189.111328125	0.851557811
1193.896484375	0.852290067
1198.681640625	0.852942868
1203.466796875	0.853607577
1208.251953125	0.854434600
1213.037109375	0.855083603
1217.822265625	0.855804649
1222.607421875	0.856520781
1227.392578125	0.857187735
1232.177734375	0.857789737
1236.962890625	0.860097672
1241.748046875	0.860719842
1246.533203125	0.861458138
1251.318359375	0.861954899
1256.103515625	0.862415414
1260.888671875	0.862886876
1265.673828125	0.863379010
1270.458984375	0.863916779
1275.244140625	0.864375985
1280.029296875	0.865204045
1284.814453125	0.865630976
1289.599609375	0.866173219
1294.384765625	0.866629895
1299.169921875	0.867068361
1303.955078125	0.867586088
1308.740234375	0.868067214
1313.525390625	0.868528401
1318.310546875	0.868994079
1323.095703125	0.869456885
1327.880859375	0.869916483
1332.666015625	0.870347250
1337.451171875	0.870770971
1342.236328125	0.871145393
1347.021484375	0.871570896
1351.806640625	0.871958591
1356.591796875	0.872324027
1361.376953125	0.872689012
1366.162109375	0.873068710
1370.947265625	0.873417662
1375.732421875	0.874732977
1380.517578125	0.875396843
1385.302734375	0.876024634
1390.087890625	0.876415510
1394.873046875	0.876780547
1399.658203125	0.877520291
1404.443359375	0.878098241
1409.228515625	0.879142247
1414.013671875	0.879503585
1418.798828125	0.879863020
1423.583984375	0.880268231
1428.369140625	0.880660128
1433.154296875	0.881078738
1437.939453125	0.881512279
1442.724609375	0.881950738
1447.509765625	0.882412124
1452.294921875	0.882902839
1457.080078125	0.888627487
1461.865234375	0.950345487
1466.650390625	0.950392193
1471.435546875	0.950519528
1476.220703125	0.950645725
1481.005859375	0.950767419
1485.791015625	0.950878877
1490.576171875	0.951008844
1495.361328125	0.951368259
1500.146484375	0.951595094
1504.931640625	0.951755474
1509.716796875	0.952537544
1514.501953125	0.952710982
1519.287109375	0.952843534
1524.072265625	0.952983606
1528.857421875	0.953119340
1533.642578125	0.953253180
1538.427734375	0.953502525
1543.212890625	0.953683221
1547.998046875	0.953817897
1552.783203125	0.953941604
1557.568359375	0.954088613
1562.353515625	0.954223215
1567.138671875	0.954357597
1571.923828125	0.954477194
1576.708984375	0.954602113
1581.494140625	0.955043821
1586.279296875	0.955995859
1591.064453125	0.957201934
1595.849609375	0.957234477
1600.634765625	0.957436210
1605.419921875	0.957569853
1610.205078125	0.957704176
1614.990234375	0.957838789
1619.775390625	0.958425485
1624.560546875	0.958636120
1629.345703125	0.959238691
1634.130859375	0.959398441
1638.916015625	0.959635118
1643.701171875	0.959753066
1648.486328125	0.959867846
1653.271484375	0.959979298
1658.056640625	0.960140200
1662.841796875	0.960484216
1667.626953125	0.960635328
1672.412109375	0.960751490
1677.197265625	0.960888425
1681.982421875	0.961035827
1686.767578125	0.961177630
1691.552734375	0.961307025
1696.337890625	0.961422958
1701.123046875	0.961530877
1705.908203125	0.961629991
1710.693359375	0.961739042
1715.478515625	0.961836338
1720.263671875	0.961931723
1725.048828125	0.962047409
1729.833984375	0.963071770
1734.619140625	0.963169977
1739.404296875	0.963272593
1744.189453125	0.963374443
1748.974609375	0.963464410
1753.759765625	0.963558202
1758.544921875	0.963645262
1763.330078125	0.968719520
1768.115234375	0.969117757
1772.900390625	0.969189085
1777.685546875	0.969260328
1782.470703125	0.969339927
1787.255859375	0.969407403
1792.041015625	0.969479833
1796.826171875	0.969557073
1801.611328125	0.969628593
1806.396484375	0.969717260
1811.181640625	0.969791920
1815.966796875	0.969866801
1820.751953125	0.969939397
1825.537109375	0.970007865
1830.322265625	0.970075751
1835.107421875	0.970153268
1839.892578125	0.970252243
1844.677734375	0.970470419
1849.462890625	0.970861631
1854.248046875	0.970921761
1859.033203125	0.970992049
1863.818359375	0.971052069
1868.603515625	0.971124705
1873.388671875	0.971221299
1878.173828125	0.971292446
1882.958984375	0.971362898
1887.744140625	0.971444539
1892.529296875	0.971517162
1897.314453125	0.971606908
1902.099609375	0.971670511
1906.884765625	0.971731241
1911.669921875	0.971796792
1916.455078125	0.971860956
1921.240234375	0.971921597
1926.025390625	0.971985175
1930.810546875	0.972049705
1935.595703125	0.972127308
1940.380859375	0.972182694
1945.166015625	0.972237421
1949.951171875	0.972296878
1954.736328125	0.972353060
1959.521484375	0.972414771
1964.306640625	0.972476521
1969.091796875	0.972532284
1973.876953125	0.972589743
1978.662109375	0.972641773
1983.447265625	0.972687619
1988.232421875	0.972738977
1993.017578125	0.972788719
1997.802734375	0.972833718
2002.587890625	0.972882638
2007.373046875	0.972933819
2012.158203125	0.972988320
2016.943359375	0.973042554
2021.728515625	0.973099508
2026.513671875	0.973149893
2031.298828125	0.973198602
2036.083984375	0.973245575
2040.869140625	0.973291854
2045.654296875	0.973336467
2050.439453125	0.973387026
2055.224609375	0.973441472
2060.009765625	0.973489994
2064.794921875	0.973539585
2069.580078125	0.973589466
2074.365234375	0.973636549
2079.150390625	0.973683798
2083.935546875	0.973730234
2088.720703125	0.973779832
2093.505859375	0.973833120
2098.291015625	0.973903679
2103.076171875	0.974032535
2107.861328125	0.974089454
2112.646484375	0.974143499
2117.431640625	0.974407953
2122.216796875	0.974474845
2127.001953125	0.974530219
2131.787109375	0.974586643
2136.572265625	0.974641502
2141.357421875	0.974697549
2146.142578125	0.974749235
2150.927734375	0.974799784
2155.712890625	0.974853300
2160.498046875	0.974911522
2165.283203125	0.974962196
2170.068359375	0.975019176
2174.853515625	0.975080368
2179.638671875	0.975139392
2184.423828125	0.975201136
2189.208984375	0.975265891
2193.994140625	0.975321156
2198.779296875	0.975380957
2203.564453125	0.977339714
2208.349609375	0.977408431
2213.134765625	0.977469247
2217.919921875	0.977526131
2222.705078125	0.977585126
2227.490234375	0.977647876
2232.275390625	0.977703783
2237.060546875	0.977764117
2241.845703125	0.977825660
2246.630859375	0.977891704
2251.416015625	0.977953686
2256.201171875	0.978010500
2260.986328125	0.978075848
2265.771484375	0.978142182
2270.556640625	0.978219717
2275.341796875	0.978301616
2280.126953125	0.978376139
2284.912109375	0.978446110
2289.697265625	0.978522538
2294.482421875	0.978638319
2299.267578125	0.978723171
2304.052734375	0.978800302
2308.837890625	0.978873940
2313.623046875	0.978947431
2318.408203125	0.979017393
2323.193359375	0.979094343
2327.978515625	0.979179266
2332.763671875	0.979273494
2337.548828125	0.979353099
2342.333984375	0.979454643
2347.119140625	0.979543913
2351.904296875	0.979643048
2356.689453125	0.979748443
2361.474609375	0.979852800
2366.259765625	0.979952132
2371.044921875	0.980051227
2375.830078125	0.980138708
2380.615234375	0.980221408
2385.400390625	0.980291477
2390.185546875	0.980352058
2394.970703125	0.980408040
2399.755859375	0.980467049
2404.541015625	0.980526212
2409.326171875	0.980587687
2414.111328125	0.980652811
2418.896484375	0.980706902
2423.681640625	0.980770150
2428.466796875	0.980830459
2433.251953125	0.980889773
2438.037109375	0.980943314
2442.822265625	0.981000749
2447.607421875	0.981540510
2452.392578125	0.981591944
2457.177734375	0.981639961
2461.962890625	0.981685962
2466.748046875	0.981732147
2471.533203125	0.981775678
2476.318359375	0.981818198
2481.103515625	0.981861355
2485.888671875	0.981896140
2490.673828125	0.981919535
2495.458984375	0.981945159
2500.244140625	0.981967569
2505.029296875	0.981987211
2509.814453125	0.982005022
2514.599609375	0.982023435
2519.384765625	0.982043156
2524.169921875	0.982059034
2528.955078125	0.982073776
2533.740234375	0.982088131
2538.525390625	0.982101047
2543.310546875	0.982113449
2548.095703125	0.982126214
2552.880859375	0.982138307
2557.666015625	0.982149730
2562.451171875	0.982162318
2567.236328125	0.982173741
2572.021484375	0.982185865
2576.806640625	0.982197847
2581.591796875	0.982209357
2586.376953125	0.982220144
2591.162109375	0.982232459
2595.947265625	0.982244229
2600.732421875	0.982257914
2605.517578125	0.982274934
2610.302734375	0.982645734
2615.087890625	0.998685398
2619.873046875	0.998688462
2624.658203125	0.998690359
2629.443359375	0.998692686
2634.228515625	0.998694869
2639.013671875	0.998696772
2643.798828125	0.998699358
2648.583984375	0.998701535
2653.369140625	0.998703674
2658.154296875	0.998705394
2662.939453125	0.998707336
2667.724609375	0.998709279
2672.509765625	0.998711085
2677.294921875	0.998713208
2682.080078125	0.998715608
2686.865234375	0.998717893
2691.650390625	0.998720640
2696.435546875	0.998723910
2701.220703125	0.998726158
2706.005859375	0.998727936
2710.791015625	0.998729891
2715.576171875	0.998732828
2720.361328125	0.998734730
2725.146484375	0.998736965
2729.931640625	0.998738547
2734.716796875	0.998740434
2739.501953125	0.998742415
2744.287109375	0.998744293
2749.072265625	0.998746559
2753.857421875	0.998749507
2758.642578125	0.998751333
2763.427734375	0.998753333
2768.212890625	0.998756194
2772.998046875	0.998758540
2777.783203125	0.998760310
2782.568359375	0.998762890
2787.353515625	0.998766562
2792.138671875	0.998768793
2796.923828125	0.998770609
2801.708984375	0.998772340
2806.494140625	0.998774501
2811.279296875	0.998776128
2816.064453125	0.998777947
2820.849609375	0.998779853
2825.634765625	0.998781892
2830.419921875	0.998783635
2835.205078125	0.998785600
2839.990234375	0.998787469
2844.775390625	0.998789892
2849.560546875	0.998791929
2854.345703125	0.998794316
2859.130859375	0.998796184
2863.916015625	0.998798758
2868.701171875	0.998801658
2873.486328125	0.998804277
2878.271484375	0.998806009
2883.056640625	0.998807988
2887.841796875	0.998809849
2892.626953125	0.998811943
2897.412109375	0.998813936
2902.197265625	0.998815741
2906.982421875	0.998817638
2911.767578125	0.998819386
2916.552734375	0.998821086
2921.337890625	0.998823826
2926.123046875	0.998825817
2930.908203125	0.998827660
2935.693359375	0.998829162
2940.478515625	0.998830848
2945.263671875	0.998832881
2950.048828125	0.998834788
2954.833984375	0.998836584
2959.619140625	0.998839140
2964.404296875	0.998840752
2969.189453125	0.998842431
2973.974609375	0.998844236
2978.759765625	0.998846640
2983.544921875	0.998848352
2988.330078125	0.998850291
2993.115234375	0.998851862
2997.900390625	0.998853952
3002.685546875	0.998855860
3007.470703125	0.998857586
3012.255859375	0.998859277
3017.041015625	0.998860709
3021.826171875	0.998862347
3026.611328125	0.998864204
3031.396484375	0.998865894
3036.181640625	0.998867706
3040.966796875	0.998869316
3045.751953125	0.998871402
3050.537109375	0.998873427
3055.322265625	0.998876050
3060.107421875	0.998877941
3064.892578125	0.998879342
3069.677734375	0.998881301
3074.462890625	0.998882851
3079.248046875	0.998884616
3084.033203125	0.998886538
3088.818359375	0.998888052
3093.603515625	0.998890120
3098.388671875	0.998891722
3103.173828125	0.998893199
3107.958984375	0.998894900
3112.744140625	0.998896733
3117.529296875	0.998898495
3122.314453125	0.998900811
3127.099609375	0.998903534
3131.884765625	0.998904824
3136.669921875	0.998906589
3141.455078125	0.998908924
3146.240234375	0.998910644
3151.025390625	0.998912635
3155.810546875	0.998914477
3160.595703125	0.998916231
3165.380859375	0.998917694
3170.166015625	0.998919237
3174.951171875	0.998920990
3179.736328125	0.998922807
3184.521484375	0.998924352
3189.306640625	0.998926043
3194.091796875	0.998927755
3198.876953125	0.998929527
3203.662109375	0.998931266
3208.447265625	0.998933152
3213.232421875	0.998934837
3218.017578125	0.998936307
3222.802734375	0.998938706
3227.587890625	0.998941372
3232.373046875	0.998943433
3237.158203125	0.998945107
3241.943359375	0.998946746
3246.728515625	0.998948254
3251.513671875	0.998949813
3256.298828125	0.998951286
3261.083984375	0.998952762
3265.869140625	0.998954160
3270.654296875	0.998955465
3275.439453125	0.998957093
3280.224609375	0.998958380
3285.009765625	0.998960277
3289.794921875	0.998961820
3294.580078125	0.998963209
3299.365234375	0.998965117
3304.150390625	0.998966704
3308.935546875	0.998968412
3313.720703125	0.998970405
3318.505859375	0.998972138
3323.291015625	0.998974130
3328.076171875	0.998975781
3332.861328125	0.998977493
3337.646484375	0.998978828
3342.431640625	0.998980206
3347.216796875	0.998982134
3352.001953125	0.998983813
3356.787109375	0.998985623
3361.572265625	0.998986925
3366.357421875	0.998988382
3371.142578125	0.998989679
3375.927734375	0.998990982
3380.712890625	0.998992431
3385.498046875	0.998993812
3390.283203125	0.998995179
3395.068359375	0.998996371
3399.853515625	0.998998235
3404.638671875	0.999000013
3409.423828125	0.999001542
3414.208984375	0.999002898
3418.994140625	0.999004478
3423.779296875	0.999006078
3428.564453125	0.999007609
3433.349609375	0.999008894
3438.134765625	0.999010324
3442.919921875	0.999011909
3447.705078125	0.999013575
3452.490234375	0.999015140
3457.275390625	0.999016607
3462.060546875	0.999017953
3466.845703125	0.999019715
3471.630859375	0.999021555
3476.416015625	0.999023202
3481.201171875	0.999024387
3485.986328125	0.999025575
3490.771484375	0.999026774
3495.556640625	0.999028120
3500.341796875	0.999029353
3505.126953125	0.999030428
3509.912109375	0.999031714
3514.697265625	0.999033092
3519.482421875	0.999034431
3524.267578125	0.999035637
3529.052734375	0.999036874
3533.837890625	0.999038018
3538.623046875	0.999039675
3543.408203125	0.999041000
3548.193359375	0.999042214
3552.978515625	0.999043548
3557.763671875	0.999044826
3562.548828125	0.999046108
3567.333984375	0.999047387
3572.119140625	0.999048852
3576.904296875	0.999050162
3581.689453125	0.999051333
3586.474609375	0.999052567
3591.259765625	0.999053785
3596.044921875	0.999055100
3600.830078125	0.999056493
3605.615234375	0.999057703
3610.400390625	0.999059182
3615.185546875	0.999060421
3619.970703125	0.999061703
3624.755859375	0.999063076
3629.541015625	0.999064656
3634.326171875	0.999067942
3639.111328125	0.999070677
3643.896484375	0.999071478
3648.681640625	0.999072558
3653.466796875	0.999073594
3658.251953125	0.999074372
3663.037109375	0.999075357
3667.822265625	0.999076691
3672.607421875	0.999077996
3677.392578125	0.999079235
3682.177734375	0.999080548
3686.962890625	0.999081467
3691.748046875	0.999082480
3696.533203125	0.999083510
3701.318359375	0.999084602
3706.103515625	0.999085715
3710.888671875	0.999086779
3715.673828125	0.999087812
3720.458984375	0.999088984
3725.244140625	0.999090256
3730.029296875	0.999091505
3734.814453125	0.999092661
3739.599609375	0.999093768
3744.384765625	0.999094869
3749.169921875	0.999095806
3753.955078125	0.999097052
3758.740234375	0.999098270
3763.525390625	0.999099239
3768.310546875	0.999100317
3773.095703125	0.999101238
3777.880859375	0.999102367
3782.666015625	0.999103451
3787.451171875	0.999104664
3792.236328125	0.999105817
3797.021484375	0.999106897
3801.806640625	0.999107939
3806.591796875	0.999108927
3811.376953125	0.999109759
3816.162109375	0.999110701
3820.947265625	0.999111725
3825.732421875	0.999112814
3830.517578125	0.999113829
3835.302734375	0.999115061
3840.087890625	0.999116309
3844.873046875	0.999117457
3849.658203125	0.999118551
3854.443359375	0.999119571
3859.228515625	0.999120416
3864.013671875	0.999121426
3868.798828125	0.999122616
3873.583984375	0.999123684
3878.369140625	0.999124500
3883.154296875	0.999125421
3887.939453125	0.999126518
3892.724609375	0.999127591
3897.509765625	0.999128749
3902.294921875	0.999129945
3907.080078125	0.999130891
3911.865234375	0.999131751
3916.650390625	0.999132864
3921.435546875	0.999133854
3926.220703125	0.999134958
3931.005859375	0.999135991
3935.791015625	0.999136919
3940.576171875	0.999137882
3945.361328125	0.999138813
3950.146484375	0.999139734
3954.931640625	0.999140809
3959.716796875	0.999141666
3964.501953125	0.999142672
3969.287109375	0.999143826
3974.072265625	0.999144865
3978.857421875	0.999145781
3983.642578125	0.999146739
3988.427734375	0.999147698
3993.212890625	0.999148698
3997.998046875	0.999149631
4002.783203125	0.999150557
4007.568359375	0.999151508
4012.353515625	0.999152581
4017.138671875	0.999153725
4021.923828125	0.999154731
4026.708984375	0.999155650
4031.494140625	0.999156801
4036.279296875	0.999157548
4041.064453125	0.999158590
4045.849609375	0.999159545
4050.634765625	0.999160540
4055.419921875	0.999161713
4060.205078125	0.999162715
4064.990234375	0.999163842
4069.775390625	0.999164941
4074.560546875	0.999165871
4079.345703125	0.999166788
4084.130859375	0.999167762
4088.916015625	0.999168783
4093.701171875	0.999169787
4098.486328125	0.999170671
4103.271484375	0.999171625
4108.056640625	0.999172654
4112.841796875	0.999173532
4117.626953125	0.999174369
4122.412109375	0.999175488
4127.197265625	0.999176567
4131.982421875	0.999177465
4136.767578125	0.999178285
4141.552734375	0.999179288
4146.337890625	0.999180332
4151.123046875	0.999181298
4155.908203125	0.999182134
4160.693359375	0.999182901
4165.478515625	0.999184042
4170.263671875	0.999184936
4175.048828125	0.999185887
4179.833984375	0.999186678
4184.619140625	0.999187452
4189.404296875	0.999188583
4194.189453125	0.999189532
4198.974609375	0.999190640
4203.759765625	0.999191431
4208.544921875	0.999192303
4213.330078125	0.999193077
4218.115234375	0.999194174
4222.900390625	0.999194904
4227.685546875	0.999195731
4232.470703125	0.999196629
4237.255859375	0.999197667
4242.041015625	0.999198613
4246.826171875	0.999199516
4251.611328125	0.999200431
4256.396484375	0.999201335
4261.181640625	0.999202265
4265.966796875	0.999203356
4270.751953125	0.999204378
4275.537109375	0.999205391
4280.322265625	0.999206222
4285.107421875	0.999207230
4289.892578125	0.999208107
4294.677734375	0.999209066
4299.462890625	0.999210051
4304.248046875	0.999210956
4309.033203125	0.999211854
4313.818359375	0.999212945
4318.603515625	0.999213777
4323.388671875	0.999214801
4328.173828125	0.999215728
4332.958984375	0.999216572
4337.744140625	0.999217507
4342.529296875	0.999218400
4347.314453125	0.999219300
4352.099609375	0.999220158
4356.884765625	0.999221021
4361.669921875	0.999221992
4366.455078125	0.999222971
4371.240234375	0.999223942
4376.025390625	0.999224819
4380.810546875	0.999225668
4385.595703125	0.999226554
4390.380859375	0.999227308
4395.166015625	0.999228148
4399.951171875	0.999228941
4404.736328125	0.999229932
4409.521484375	0.999230803
4414.306640625	0.999231524
4419.091796875	0.999232352
4423.876953125	0.999233372
4428.662109375	0.999234368
4433.447265625	0.999235232
4438.232421875	0.999236097
4443.017578125	0.999236950
4447.802734375	0.999237785
4452.587890625	0.999238554
4457.373046875	0.999239572
4462.158203125	0.999240507
4466.943359375	0.999241283
4471.728515625	0.999242169
4476.513671875	0.999243221
4481.298828125	0.999244076
4486.083984375	0.999244894
4490.869140625	0.999245810
4495.654296875	0.999246903
4500.439453125	0.999247887
4505.224609375	0.999248847
4510.009765625	0.999249672
4514.794921875	0.999250634
4519.580078125	0.999251409
4524.365234375	0.999252130
4529.150390625	0.999253014
4533.935546875	0.999253566
4538.720703125	0.999254501
4543.505859375	0.999255485
4548.291015625	0.999256522
4553.076171875	0.999257300
4557.861328125	0.999258324
4562.646484375	0.999259210
4567.431640625	0.999260191
4572.216796875	0.999261110
4577.001953125	0.999262019
4581.787109375	0.999262838
4586.572265625	0.999263570
4591.357421875	0.999264479
4596.142578125	0.999265312
4600.927734375	0.999266401
4605.712890625	0.999267350
4610.498046875	0.999268093
4615.283203125	0.999269044
4620.068359375	0.999269920
4624.853515625	0.999270916
4629.638671875	0.999271776
4634.423828125	0.999272678
4639.208984375	0.999273542
4643.994140625	0.999274201
4648.779296875	0.999274992
4653.564453125	0.999275808
4658.349609375	0.999276503
4663.134765625	0.999277317
4667.919921875	0.999277971
4672.705078125	0.999278799
4677.490234375	0.999279573
4682.275390625	0.999280472
4687.060546875	0.999281394
4691.845703125	0.999282196
4696.630859375	0.999283093
4701.416015625	0.999284151
4706.201171875	0.999284982
4710.986328125	0.999285817
4715.771484375	0.999286545
4720.556640625	0.999287274
4725.341796875	0.999288097
4730.126953125	0.999289136
4734.912109375	0.999290125
4739.697265625	0.999290952
4744.482421875	0.999291718
4749.267578125	0.999292532
4754.052734375	0.999293387
4758.837890625	0.999294242
4763.623046875	0.999294948
4768.408203125	0.999295693
4773.193359375	0.999296477
4777.978515625	0.999297307
4782.763671875	0.999298261
4787.548828125	0.999299032
4792.333984375	0.999299927
4797.119140625	0.999300653
4801.904296875	0.999301536
4806.689453125	0.999302398
4811.474609375	0.999303299
4816.259765625	0.999304133
4821.044921875	0.999305024
4825.830078125	0.999305818
4830.615234375	0.999306404
4835.400390625	0.999307141
4840.185546875	0.999307845
4844.970703125	0.999308696
4849.755859375	0.999309523
4854.541015625	0.999310329
4859.326171875	0.999311180
4864.111328125	0.999311978
4868.896484375	0.999312816
4873.681640625	0.999313777
4878.466796875	0.999314604
4883.251953125	0.999315296
4888.037109375	0.999316164
4892.822265625	0.999316976
4897.607421875	0.999317849
4902.392578125	0.999318542
4907.177734375	0.999319360
4911.962890625	0.999320093
4916.748046875	0.999320784
4921.533203125	0.999321746
4926.318359375	0.999322671
4931.103515625	0.999323459
4935.888671875	0.999324044
4940.673828125	0.999324984
4945.458984375	0.999325867
4950.244140625	0.999326682
4955.029296875	0.999327429
4959.814453125	0.999328185
4964.599609375	0.999329145
4969.384765625	0.999329817
4974.169921875	0.999330562
4978.955078125	0.999331218
4983.740234375	0.999332030
4988.525390625	0.999332988
4993.310546875	0.999333806
4998.095703125	0.999334543
5002.880859375	0.999335320
5007.666015625	0.999336209
5012.451171875	0.999337213
5017.236328125	0.999338043
5022.021484375	0.999338858
5026.806640625	0.999339657
5031.591796875	0.999340405
5036.376953125	0.999341294
5041.162109375	0.999342173
5045.947265625	0.999342962
5050.732421875	0.999343647
5055.517578125	0.999344500
5060.302734375	0.999345290
5065.087890625	0.999346103
5069.873046875	0.999346896
5074.658203125	0.999347653
5079.443359375	0.999348410
5084.228515625	0.999349164
5089.013671875	0.999349934
5093.798828125	0.999350624
5098.583984375	0.999351334
5103.369140625	0.999352108
5108.154296875	0.999353105
5112.939453125	0.999353897
5117.724609375	0.999354568
5122.509765625	0.999355394
5127.294921875	0.999356156
5132.080078125	0.999357093
5136.865234375	0.999358019
5141.650390625	0.999358831
5146.435546875	0.999359632
5151.220703125	0.999360638
5156.005859375	0.999361392
5160.791015625	0.999362330
5165.576171875	0.999363143
5170.361328125	0.999363888
5175.146484375	0.999364536
5179.931640625	0.999365341
5184.716796875	0.999366054
5189.501953125	0.999366761
5194.287109375	0.999367516
5199.072265625	0.999368245
5203.857421875	0.999368916
5208.642578125	0.999369656
5213.427734375	0.999370342
5218.212890625	0.999371294
5222.998046875	0.999372119
5227.783203125	0.999373097
5232.568359375	0.999373806
5237.353515625	0.999374559
5242.138671875	0.999375300
5246.923828125	0.999376231
5251.708984375	0.999376964
5256.494140625	0.999377708
5261.279296875	0.999378496
5266.064453125	0.999379227
5270.849609375	0.999379988
5275.634765625	0.999380753
5280.419921875	0.999381538
5285.205078125	0.999382138
5289.990234375	0.999382952
5294.775390625	0.999383588
5299.560546875	0.999384297
5304.345703125	0.999384883
5309.130859375	0.999385641
5313.916015625	0.999386478
5318.701171875	0.999387282
5323.486328125	0.999388006
5328.271484375	0.999388933
5333.056640625	0.999389572
5337.841796875	0.999390271
5342.626953125	0.999391000
5347.412109375	0.999391746
5352.197265625	0.999392606
5356.982421875	0.999393447
5361.767578125	0.999394104
5366.552734375	0.999394889
5371.337890625	0.999395794
5376.123046875	0.999396530
5380.908203125	0.999397333
5385.693359375	0.999398120
5390.478515625	0.999398668
5395.263671875	0.999399321
5400.048828125	0.999400055
5404.833984375	0.999400831
5409.619140625	0.999401668
5414.404296875	0.999402323
5419.189453125	0.999403197
5423.974609375	0.999403984
5428.759765625	0.999404710
5433.544921875	0.999405380
5438.330078125	0.999406079
5443.115234375	0.999406914
5447.900390625	0.999407626
5452.685546875	0.999408408
5457.470703125	0.999409323
5462.255859375	0.999410088
5467.041015625	0.999410770
5471.826171875	0.999411496
5476.611328125	0.999412186
5481.396484375	0.999413068
5486.181640625	0.999413764
5490.966796875	0.999414565
5495.751953125	0.999415250
5500.537109375	0.999415811
5505.322265625	0.999416529
5510.107421875	0.999417278
5514.892578125	0.999417854
5519.677734375	0.999418538
5524.462890625	0.999419216
5529.248046875	0.999419865
5534.033203125	0.999420536
5538.818359375	0.999421259
5543.603515625	0.999422023
5548.388671875	0.999422731
5553.173828125	0.999423455
5557.958984375	0.999424046
5562.744140625	0.999424795
5567.529296875	0.999425509
5572.314453125	0.999426255
5577.099609375	0.999426857
5581.884765625	0.999427527
5586.669921875	0.999428348
5591.455078125	0.999429141
5596.240234375	0.999429921
5601.025390625	0.999430784
5605.810546875	0.999431413
5610.595703125	0.999432181
5615.380859375	0.999432984
5620.166015625	0.999433546
5624.951171875	0.999434251
5629.736328125	0.999434948
5634.521484375	0.999435734
5639.306640625	0.999436479
5644.091796875	0.999437061
5648.876953125	0.999437701
5653.662109375	0.999438405
5658.447265625	0.999439185
5663.232421875	0.999440031
5668.017578125	0.999440721
5672.802734375	0.999441366
5677.587890625	0.999442047
5682.373046875	0.999442649
5687.158203125	0.999443516
5691.943359375	0.999444323
5696.728515625	0.999444976
5701.513671875	0.999445825
5706.298828125	0.999446682
5711.083984375	0.999447416
5715.869140625	0.999448211
5720.654296875	0.999448937
5725.439453125	0.999449509
5730.224609375	0.999450228
5735.009765625	0.999450907
5739.794921875	0.999451648
5744.580078125	0.999452160
5749.365234375	0.999452777
5754.150390625	0.999453577
5758.935546875	0.999454177
5763.720703125	0.999455016
5768.505859375	0.999455583
5773.291015625	0.999456219
5778.076171875	0.999456844
5782.861328125	0.999457519
5787.646484375	0.999458197
5792.431640625	0.999459109
5797.216796875	0.999459916
5802.001953125	0.999460686
5806.787109375	0.999461450
5811.572265625	0.999462312
5816.357421875	0.999462932
5821.142578125	0.999463803
5825.927734375	0.999464528
5830.712890625	0.999465260
5835.498046875	0.999465888
5840.283203125	0.999466624
5845.068359375	0.999467301
5849.853515625	0.999467907
5854.638671875	0.999468668
5859.423828125	0.999469467
5864.208984375	0.999470103
5868.994140625	0.999470936
5873.779296875	0.999471490
5878.564453125	0.999472149
5883.349609375	0.999472934
5888.134765625	0.999473615
5892.919921875	0.999474309
5897.705078125	0.999475144
5902.490234375	0.999475752
5907.275390625	0.999476671
5912.060546875	0.999477347
5916.845703125	0.999478124
5921.630859375	0.999478974
5926.416015625	0.999479688
5931.201171875	0.999480227
5935.986328125	0.999480980
5940.771484375	0.999481935
5945.556640625	0.999482756
5950.341796875	0.999483433
5955.126953125	0.999484119
5959.912109375	0.999484842
5964.697265625	0.999485502
5969.482421875	0.999486147
5974.267578125	0.999486865
5979.052734375	0.999487520
5983.837890625	0.999488189
5988.623046875	0.999488877
5993.408203125	0.999489614
5998.193359375	0.999490434
6002.978515625	0.999491455
6007.763671875	0.999492362
6012.548828125	0.999492883
6017.333984375	0.999493749
6022.119140625	0.999494370
6026.904296875	0.999495041
6031.689453125	0.999495697
6036.474609375	0.999496383
6041.259765625	0.999497132
6046.044921875	0.999497918
6050.830078125	0.999498593
6055.615234375	0.999499308
6060.400390625	0.999499885
6065.185546875	0.999500673
6069.970703125	0.999501449
6074.755859375	0.999502150
6079.541015625	0.999502832
6084.326171875	0.999503501
6089.111328125	0.999504203
6093.896484375	0.999504925
6098.681640625	0.999505578
6103.466796875	0.999506326
6108.251953125	0.999506939
6113.037109375	0.999507757
6117.822265625	0.999508437
6122.607421875	0.999509061
6127.392578125	0.999509790
6132.177734375	0.999510542
6136.962890625	0.999511321
6141.748046875	0.999512070
6146.533203125	0.999512593
6151.318359375	0.999513429
6156.103515625	0.999514123
6160.888671875	0.999514656
6165.673828125	0.999515518
6170.458984375	0.999516275
6175.244140625	0.999517042
6180.029296875	0.999517788
6184.814453125	0.999518494
6189.599609375	0.999519120
6194.384765625	0.999519971
6199.169921875	0.999520636
6203.955078125	0.999521335
6208.740234375	0.999521962
6213.525390625	0.999522808
6218.310546875	0.999523720
6223.095703125	0.999524564
6227.880859375	0.999525279
6232.666015625	0.999526046
6237.451171875	0.999526791
6242.236328125	0.999527595
6247.021484375	0.999528471
6251.806640625	0.999529348
6256.591796875	0.999529978
6261.376953125	0.999530753
6266.162109375	0.999531456
6270.947265625	0.999532172
6275.732421875	0.999532916
6280.517578125	0.999533476
6285.302734375	0.999534168
6290.087890625	0.999534895
6294.873046875	0.999535767
6299.658203125	0.999536421
6304.443359375	0.999537170
6309.228515625	0.999537880
6314.013671875	0.999538702
6318.798828125	0.999539517
6323.583984375	0.999540054
6328.369140625	0.999540821
6333.154296875	0.999541486
6337.939453125	0.999542217
6342.724609375	0.999542907
6347.509765625	0.999543649
6352.294921875	0.999544426
6357.080078125	0.999545130
6361.865234375	0.999545814
6366.650390625	0.999546383
6371.435546875	0.999547276
6376.220703125	0.999548115
6381.005859375	0.999548806
6385.791015625	0.999549424
6390.576171875	0.999550157
6395.361328125	0.999550742
6400.146484375	0.999551425
6404.931640625	0.999552005
6409.716796875	0.999552845
6414.501953125	0.999553444
6419.287109375	0.999554110
6424.072265625	0.999555017
6428.857421875	0.999555959
6433.642578125	0.999556697
6438.427734375	0.999557664
6443.212890625	0.999558428
6447.998046875	0.999558932
6452.783203125	0.999559555
6457.568359375	0.999560171
6462.353515625	0.999561038
6467.138671875	0.999561749
6471.923828125	0.999562378
6476.708984375	0.999563118
6481.494140625	0.999563814
6486.279296875	0.999564562
6491.064453125	0.999565123
6495.849609375	0.999565897
6500.634765625	0.999566686
6505.419921875	0.999567388
6510.205078125	0.999567974
6514.990234375	0.999568705
6519.775390625	0.999569415
6524.560546875	0.999570132
6529.345703125	0.999570938
6534.130859375	0.999571453
6538.916015625	0.999572235
6543.701171875	0.999572836
6548.486328125	0.999573410
6553.271484375	0.999574019
6558.056640625	0.999574728
6562.841796875	0.999575521
6567.626953125	0.999576120
6572.412109375	0.999576628
6577.197265625	0.999577290
6581.982421875	0.999578065
6586.767578125	0.999578816
6591.552734375	0.999579397
6596.337890625	0.999580120
6601.123046875	0.999580789
6605.908203125	0.999581371
6610.693359375	0.999581950
6615.478515625	0.999582618
6620.263671875	0.999583335
6625.048828125	0.999584073
6629.833984375	0.999584875
6634.619140625	0.999585546
6639.404296875	0.999586252
6644.189453125	0.999587019
6648.974609375	0.999587717
6653.759765625	0.999588471
6658.544921875	0.999589062
6663.330078125	0.999589842
6668.115234375	0.999590498
6672.900390625	0.999591178
6677.685546875	0.999591873
6682.470703125	0.999592563
6687.255859375	0.999593139
6692.041015625	0.999593996
6696.826171875	0.999594721
6701.611328125	0.999595437
6706.396484375	0.999596112
6711.181640625	0.999596830
6715.966796875	0.999597475
6720.751953125	0.999598264
6725.537109375	0.999598907
6730.322265625	0.999599534
6735.107421875	0.999600202
6739.892578125	0.999600928
6744.677734375	0.999601643
6749.462890625	0.999602337
6754.248046875	0.999603152
6759.033203125	0.999603765
6763.818359375	0.999604629
6768.603515625	0.999605406
6773.388671875	0.999606344
6778.173828125	0.999606927
6782.958984375	0.999607784
6787.744140625	0.999608328
6792.529296875	0.999608908
6797.314453125	0.999609552
6802.099609375	0.999610144
6806.884765625	0.999610915
6811.669921875	0.999611641
6816.455078125	0.999612292
6821.240234375	0.999613162
6826.025390625	0.999613870
6830.810546875	0.999614472
6835.595703125	0.999615226
6840.380859375	0.999615936
6845.166015625	0.999616552
6849.951171875	0.999617218
6854.736328125	0.999618004
6859.521484375	0.999618665
6864.306640625	0.999619258
6869.091796875	0.999619815
6873.876953125	0.999620533
6878.662109375	0.999621173
6883.447265625	0.999621911
6888.232421875	0.999622463
6893.017578125	0.999623077
6897.802734375	0.999623838
6902.587890625	0.999624579
6907.373046875	0.999625425
6912.158203125	0.999626097
6916.943359375	0.999626760
6921.728515625	0.999627297
6926.513671875	0.999627874
6931.298828125	0.999628557
6936.083984375	0.999629236
6940.869140625	0.999629778
6945.654296875	0.999630409
6950.439453125	0.999630970
6955.224609375	0.999631643
6960.009765625	0.999632246
6964.794921875	0.999632913
6969.580078125	0.999633462
6974.365234375	0.999634006
6979.150390625	0.999634772
6983.935546875	0.999635380
6988.720703125	0.999635950
6993.505859375	0.999636627
6998.291015625	0.999637286
7003.076171875	0.999637952
7007.861328125	0.999638633
7012.646484375	0.999639412
7017.431640625	0.999640115
7022.216796875	0.999640715
7027.001953125	0.999641357
7031.787109375	0.999641925
7036.572265625	0.999642569
7041.357421875	0.999643287
7046.142578125	0.999644024
7050.927734375	0.999644717
7055.712890625	0.999645329
7060.498046875	0.999646003
7065.283203125	0.999646689
7070.068359375	0.999647351
7074.853515625	0.999648200
7079.638671875	0.999648797
7084.423828125	0.999649596
7089.208984375	0.999650339
7093.994140625	0.999650966
7098.779296875	0.999651746
7103.564453125	0.999652679
7108.349609375	0.999653484
7113.134765625	0.999654158
7117.919921875	0.999654832
7122.705078125	0.999655741
7127.490234375	0.999656458
7132.275390625	0.999657122
7137.060546875	0.999657705
7141.845703125	0.999658455
7146.630859375	0.999658976
7151.416015625	0.999659621
7156.201171875	0.999660189
7160.986328125	0.999661010
7165.771484375	0.999661667
7170.556640625	0.999662298
7175.341796875	0.999662869
7180.126953125	0.999663589
7184.912109375	0.999664211
7189.697265625	0.999664873
7194.482421875	0.999665683
7199.267578125	0.999666355
7204.052734375	0.999667245
7208.837890625	0.999668022
7213.623046875	0.999668546
7218.408203125	0.999669278
7223.193359375	0.999669951
7227.978515625	0.999670517
7232.763671875	0.999671055
7237.548828125	0.999671708
7242.333984375	0.999672423
7247.119140625	0.999672987
7251.904296875	0.999673665
7256.689453125	0.999674379
7261.474609375	0.999674821
7266.259765625	0.999675607
7271.044921875	0.999676267
7275.830078125	0.999676984
7280.615234375	0.999677766
7285.400390625	0.999678557
7290.185546875	0.999679152
7294.970703125	0.999679839
7299.755859375	0.999680475
7304.541015625	0.999681156
7309.326171875	0.999681842
7314.111328125	0.999682461
7318.896484375	0.999682967
7323.681640625	0.999683751
7328.466796875	0.999684474
7333.251953125	0.999685012
7338.037109375	0.999685698
7342.822265625	0.999686271
7347.607421875	0.999686984
7352.392578125	0.999687550
7357.177734375	0.999688335
7361.962890625	0.999689147
7366.748046875	0.999689817
7371.533203125	0.999690488
7376.318359375	0.999691089
7381.103515625	0.999691797
7385.888671875	0.999692378
7390.673828125	0.999693122
7395.458984375	0.999693779
7400.244140625	0.999694554
7405.029296875	0.999695108
7409.814453125	0.999695819
7414.599609375	0.999696525
7419.384765625	0.999697274
7424.169921875	0.999698005
7428.955078125	0.999698644
7433.740234375	0.999699215
7438.525390625	0.999699897
7443.310546875	0.999700379
7448.095703125	0.999700935
7452.880859375	0.999701558
7457.666015625	0.999702303
7462.451171875	0.999702891
7467.236328125	0.999703501
7472.021484375	0.999704314
7476.806640625	0.999704817
7481.591796875	0.999705496
7486.376953125	0.999706068
7491.162109375	0.999706784
7495.947265625	0.999707419
7500.732421875	0.999708150
7505.517578125	0.999708900
7510.302734375	0.999709442
7515.087890625	0.999710057
7519.873046875	0.999710629
7524.658203125	0.999711301
7529.443359375	0.999711894
7534.228515625	0.999712347
7539.013671875	0.999712949
7543.798828125	0.999713681
7548.583984375	0.999714311
7553.369140625	0.999714995
7558.154296875	0.999715516
7562.939453125	0.999716061
7567.724609375	0.999716663
7572.509765625	0.999717373
7577.294921875	0.999718043
7582.080078125	0.999718615
7586.865234375	0.999719118
7591.650390625	0.999719793
7596.435546875	0.999720462
7601.220703125	0.999721230
7606.005859375	0.999721802
7610.791015625	0.999722493
7615.576171875	0.999723109
7620.361328125	0.999723707
7625.146484375	0.999724378
7629.931640625	0.999725125
7634.716796875	0.999725752
7639.501953125	0.999726323
7644.287109375	0.999726811
7649.072265625	0.999727399
7653.857421875	0.999728102
7658.642578125	0.999728644
7663.427734375	0.999729283
7668.212890625	0.999729824
7672.998046875	0.999730678
7677.783203125	0.999731442
7682.568359375	0.999732097
7687.353515625	0.999732775
7692.138671875	0.999733569
7696.923828125	0.999734157
7701.708984375	0.999734716
7706.494140625	0.999735268
7711.279296875	0.999735847
7716.064453125	0.999736369
7720.849609375	0.999737112
7725.634765625	0.999737708
7730.419921875	0.999738324
7735.205078125	0.999739051
7739.990234375	0.999739675
7744.775390625	0.999740273
7749.560546875	0.999740935
7754.345703125	0.999741666
7759.130859375	0.999742353
7763.916015625	0.999743018
7768.701171875	0.999743589
7773.486328125	0.999744222
7778.271484375	0.999744972
7783.056640625	0.999745648
7787.841796875	0.999746326
7792.626953125	0.999747198
7797.412109375	0.999747887
7802.197265625	0.999748662
7806.982421875	0.999749295
7811.767578125	0.999749943
7816.552734375	0.999750492
7821.337890625	0.999751220
7826.123046875	0.999751919
7830.908203125	0.999752630
7835.693359375	0.999753253
7840.478515625	0.999754006
7845.263671875	0.999754773
7850.048828125	0.999755401
7854.833984375	0.999755921
7859.619140625	0.999756560
7864.404296875	0.999757181
7869.189453125	0.999757859
7873.974609375	0.999758412
7878.759765625	0.999759154
7883.544921875	0.999759733
7888.330078125	0.999760211
7893.115234375	0.999760903
7897.900390625	0.999761718
7902.685546875	0.999762394
7907.470703125	0.999763072
7912.255859375	0.999763635
7917.041015625	0.999764320
7921.826171875	0.999764976
7926.611328125	0.999765582
7931.396484375	0.999766257
7936.181640625	0.999766820
7940.966796875	0.999767446
7945.751953125	0.999768151
7950.537109375	0.999768669
7955.322265625	0.999769254
7960.107421875	0.999769927
7964.892578125	0.999770637
7969.677734375	0.999771256
7974.462890625	0.999771894
7979.248046875	0.999772538
7984.033203125	0.999773157
7988.818359375	0.999773783
7993.603515625	0.999774459
7998.388671875	0.999775127
8003.173828125	0.999775641
8007.958984375	0.999776291
8012.744140625	0.999776928
8017.529296875	0.999777484
8022.314453125	0.999778091
8027.099609375	0.999778589
8031.884765625	0.999779215
8036.669921875	0.999779846
8041.455078125	0.999780512
8046.240234375	0.999781276
8051.025390625	0.999781931
8055.810546875	0.999782566
8060.595703125	0.999783258
8065.380859375	0.999783780
8070.166015625	0.999784477
8074.951171875	0.999784996
8079.736328125	0.999785685
8084.521484375	0.999786214
8089.306640625	0.999786903
8094.091796875	0.999787542
8098.876953125	0.999788044
8103.662109375	0.999788654
8108.447265625	0.999789254
8113.232421875	0.999789716
8118.017578125	0.999790375
8122.802734375	0.999791149
8127.587890625	0.999791796
8132.373046875	0.999792383
8137.158203125	0.999793117
8141.943359375	0.999793705
8146.728515625	0.999794405
8151.513671875	0.999795103
8156.298828125	0.999795598
8161.083984375	0.999796353
8165.869140625	0.999796968
8170.654296875	0.999797498
8175.439453125	0.999798090
8180.224609375	0.999798590
8185.009765625	0.999799147
8189.794921875	0.999799655
8194.580078125	0.999800383
8199.365234375	0.999800953
8204.150390625	0.999801706
8208.935546875	0.999802444
8213.720703125	0.999803055
8218.505859375	0.999803789
8223.291015625	0.999804374
8228.076171875	0.999805030
8232.861328125	0.999805638
8237.646484375	0.999806260
8242.431640625	0.999806774
8247.216796875	0.999807231
8252.001953125	0.999807924
8256.787109375	0.999808509
8261.572265625	0.999808985
8266.357421875	0.999809540
8271.142578125	0.999810278
8275.927734375	0.999810727
8280.712890625	0.999811472
8285.498046875	0.999812174
8290.283203125	0.999812805
8295.068359375	0.999813487
8299.853515625	0.999814146
8304.638671875	0.999814816
8309.423828125	0.999815469
8314.208984375	0.999816195
8318.994140625	0.999816925
8323.779296875	0.999817579
8328.564453125	0.999818198
8333.349609375	0.999818720
8338.134765625	0.999819481
8342.919921875	0.999820047
8347.705078125	0.999820599
8352.490234375	0.999821138
8357.275390625	0.999821753
8362.060546875	0.999822507
8366.845703125	0.999823100
8371.630859375	0.999823689
8376.416015625	0.999824273
8381.201171875	0.999824802
8385.986328125	0.999825343
8390.771484375	0.999825846
8395.556640625	0.999826535
8400.341796875	0.999827142
8405.126953125	0.999827676
8409.912109375	0.999828362
8414.697265625	0.999829048
8419.482421875	0.999829723
8424.267578125	0.999830275
8429.052734375	0.999831034
8433.837890625	0.999831573
8438.623046875	0.999832197
8443.408203125	0.999832937
8448.193359375	0.999833645
8452.978515625	0.999834277
8457.763671875	0.999834943
8462.548828125	0.999835494
8467.333984375	0.999835972
8472.119140625	0.999836504
8476.904296875	0.999837211
8481.689453125	0.999837801
8486.474609375	0.999838263
8491.259765625	0.999838804
8496.044921875	0.999839318
8500.830078125	0.999840082
8505.615234375	0.999840686
8510.400390625	0.999841327
8515.185546875	0.999841994
8519.970703125	0.999842749
8524.755859375	0.999843355
8529.541015625	0.999844083
8534.326171875	0.999844609
8539.111328125	0.999845174
8543.896484375	0.999845812
8548.681640625	0.999846322
8553.466796875	0.999846922
8558.251953125	0.999847559
8563.037109375	0.999848194
8567.822265625	0.999848830
8572.607421875	0.999849452
8577.392578125	0.999849979
8582.177734375	0.999850553
8586.962890625	0.999851128
8591.748046875	0.999851684
8596.533203125	0.999852236
8601.318359375	0.999852876
8606.103515625	0.999853525
8610.888671875	0.999854074
8615.673828125	0.999854859
8620.458984375	0.999855415
8625.244140625	0.999855893
8630.029296875	0.999856573
8634.814453125	0.999857223
8639.599609375	0.999857786
8644.384765625	0.999858315
8649.169921875	0.999859007
8653.955078125	0.999859627
8658.740234375	0.999860256
8663.525390625	0.999860769
8668.310546875	0.999861291
8673.095703125	0.999861857
8677.880859375	0.999862416
8682.666015625	0.999862962
8687.451171875	0.999863640
8692.236328125	0.999864120
8697.021484375	0.999864689
8701.806640625	0.999865263
8706.591796875	0.999866000
8711.376953125	0.999866579
8716.162109375	0.999867043
8720.947265625	0.999867735
8725.732421875	0.999868302
8730.517578125	0.999868950
8735.302734375	0.999869556
8740.087890625	0.999870080
8744.873046875	0.999870651
8749.658203125	0.999871167
8754.443359375	0.999871684
8759.228515625	0.999872545
8764.013671875	0.999873074
8768.798828125	0.999873839
8773.583984375	0.999874458
8778.369140625	0.999874964
8783.154296875	0.999875761
8787.939453125	0.999876302
8792.724609375	0.999876786
8797.509765625	0.999877406
8802.294921875	0.999878078
8807.080078125	0.999878811
8811.865234375	0.999879521
8816.650390625	0.999880366
8821.435546875	0.999880790
8826.220703125	0.999881337
8831.005859375	0.999882098
8835.791015625	0.999882616
8840.576171875	0.999883066
8845.361328125	0.999883781
8850.146484375	0.999884497
8854.931640625	0.999885082
8859.716796875	0.999885658
8864.501953125	0.999886129
8869.287109375	0.999886620
8874.072265625	0.999887300
8878.857421875	0.999888026
8883.642578125	0.999888552
8888.427734375	0.999888980
8893.212890625	0.999889672
8897.998046875	0.999890251
8902.783203125	0.999890856
8907.568359375	0.999891477
8912.353515625	0.999892013
8917.138671875	0.999892623
8921.923828125	0.999893353
8926.708984375	0.999893952
8931.494140625	0.999894503
8936.279296875	0.999895074
8941.064453125	0.999895607
8945.849609375	0.999896241
8950.634765625	0.999896773
8955.419921875	0.999897360
8960.205078125	0.999897951
8964.990234375	0.999898473
8969.775390625	0.999898974
8974.560546875	0.999899527
8979.345703125	0.999900079
8984.130859375	0.999900484
8988.916015625	0.999900988
8993.701171875	0.999901735
8998.486328125	0.999902256
9003.271484375	0.999902894
9008.056640625	0.999903494
9012.841796875	0.999904066
9017.626953125	0.999904711
9022.412109375	0.999905295
9027.197265625	0.999905862
9031.982421875	0.999906397
9036.767578125	0.999907003
9041.552734375	0.999907382
9046.337890625	0.999907916
9051.123046875	0.999908381
9055.908203125	0.999909034
9060.693359375	0.999909804
9065.478515625	0.999910312
9070.263671875	0.999910880
9075.048828125	0.999911307
9079.833984375	0.999911873
9084.619140625	0.999912453
9089.404296875	0.999913142
9094.189453125	0.999913766
9098.974609375	0.999914376
9103.759765625	0.999914869
9108.544921875	0.999915326
9113.330078125	0.999915885
9118.115234375	0.999916348
9122.900390625	0.999916816
9127.685546875	0.999917519
9132.470703125	0.999918178
9137.255859375	0.999918981
9142.041015625	0.999919642
9146.826171875	0.999920344
9151.611328125	0.999920954
9156.396484375	0.999921564
9161.181640625	0.999922161
9165.966796875	0.999922779
9170.751953125	0.999923363
9175.537109375	0.999924020
9180.322265625	0.999924590
9185.107421875	0.999925112
9189.892578125	0.999925681
9194.677734375	0.999926256
9199.462890625	0.999926945
9204.248046875	0.999927625
9209.033203125	0.999928357
9213.818359375	0.999928885
9218.603515625	0.999929660
9223.388671875	0.999930300
9228.173828125	0.999931007
9232.958984375	0.999931651
9237.744140625	0.999932197
9242.529296875	0.999932685
9247.314453125	0.999933208
9252.099609375	0.999933823
9256.884765625	0.999934357
9261.669921875	0.999935085
9266.455078125	0.999935608
9271.240234375	0.999936156
9276.025390625	0.999936763
9280.810546875	0.999937248
9285.595703125	0.999937827
9290.380859375	0.999938495
9295.166015625	0.999939004
9299.951171875	0.999939443
9304.736328125	0.999940142
9309.521484375	0.999940769
9314.306640625	0.999941334
9319.091796875	0.999941927
9323.876953125	0.999942482
9328.662109375	0.999942960
9333.447265625	0.999943426
9338.232421875	0.999943937
9343.017578125	0.999944671
9347.802734375	0.999945382
9352.587890625	0.999946181
9357.373046875	0.999946658
9362.158203125	0.999947240
9366.943359375	0.999947810
9371.728515625	0.999948474
9376.513671875	0.999948934
9381.298828125	0.999949482
9386.083984375	0.999950160
9390.869140625	0.999950763
9395.654296875	0.999951233
9400.439453125	0.999951930
9405.224609375	0.999952573
9410.009765625	0.999953104
9414.794921875	0.999953609
9419.580078125	0.999954290
9424.365234375	0.999954803
9429.150390625	0.999955442
9433.935546875	0.999956048
9438.720703125	0.999956586
9443.505859375	0.999957107
9448.291015625	0.999957763
9453.076171875	0.999958391
9457.861328125	0.999959088
9462.646484375	0.999959720
9467.431640625	0.999960213
9472.216796875	0.999960639
9477.001953125	0.999961329
9481.787109375	0.999961874
9486.572265625	0.999962439
9491.357421875	0.999962904
9496.142578125	0.999963568
9500.927734375	0.999964140
9505.712890625	0.999964744
9510.498046875	0.999965390
9515.283203125	0.999965984
9520.068359375	0.999966699
9524.853515625	0.999967305
9529.638671875	0.999967889
9534.423828125	0.999968341
9539.208984375	0.999968890
9543.994140625	0.999969552
9548.779296875	0.999970033
9553.564453125	0.999970752
9558.349609375	0.999971394
9563.134765625	0.999971958
9567.919921875	0.999972548
9572.705078125	0.999973310
9577.490234375	0.999973968
9582.275390625	0.999974602
9587.060546875	0.999975173
9591.845703125	0.999975735
9596.630859375	0.999976142
9601.416015625	0.999976705
9606.201171875	0.999977203
9610.986328125	0.999977703
9615.771484375	0.999978161
9620.556640625	0.999978796
9625.341796875	0.999979276
9630.126953125	0.999979951
9634.912109375	0.999980429
9639.697265625	0.999981037
9644.482421875	0.999981571
9649.267578125	0.999982164
9654.052734375	0.999982632
9658.837890625	0.999983214
9663.623046875	0.999983721
9668.408203125	0.999984364
9673.193359375	0.999984960
9677.978515625	0.999985611
9682.763671875	0.999986228
9687.548828125	0.999986857
9692.333984375	0.999987392
9697.119140625	0.999988127
9701.904296875	0.999988620
9706.689453125	0.999989162
9711.474609375	0.999989854
9716.259765625	0.999990498
9721.044921875	0.999991032
9725.830078125	0.999991560
9730.615234375	0.999992210
9735.400390625	0.999992762
9740.185546875	0.999993371
9744.970703125	0.999994014
9749.755859375	0.999994587
9754.541015625	0.999995194
9759.326171875	0.999995818
9764.111328125	0.999996366
9768.896484375	0.999996914
9773.681640625	0.999997345
9778.466796875	0.999997880
9783.251953125	0.999998345
9788.037109375	0.999998978
9792.822265625	0.999999445
9797.607421875	1.000000000
